function[cuboid] = create_cuboid

cuboid = [...
    -1.0,-1.0,-1.0;...
    -1.0,-1.0, 1.0;...
    -1.0, 1.0, 1.0;...
    1.0, 1.0,-1.0;...
    -1.0,-1.0,-1.0;...
    -1.0, 1.0,-1.0;...
    1.0,-1.0, 1.0;...
    -1.0,-1.0,-1.0;...
    1.0,-1.0,-1.0;...
    1.0, 1.0,-1.0;...
    1.0,-1.0,-1.0;...
    -1.0,-1.0,-1.0;...
    -1.0,-1.0,-1.0;...
    -1.0, 1.0, 1.0;...
    -1.0, 1.0,-1.0;...
    1.0,-1.0, 1.0;...
    -1.0,-1.0, 1.0;...
    -1.0,-1.0,-1.0;...
    -1.0, 1.0, 1.0;...
    -1.0,-1.0, 1.0;...
    1.0,-1.0, 1.0;...
    1.0, 1.0, 1.0;...
    1.0,-1.0,-1.0;...
    1.0, 1.0,-1.0;...
    1.0,-1.0,-1.0;...
    1.0, 1.0, 1.0;...
    1.0,-1.0, 1.0;...
    1.0, 1.0, 1.0;...
    1.0, 1.0,-1.0;...
    -1.0, 1.0,-1.0;...
    1.0, 1.0, 1.0;...
    -1.0, 1.0,-1.0;...
    -1.0, 1.0, 1.0;...
    1.0, 1.0, 1.0;...
    -1.0, 1.0, 1.0;...
    1.0,-1.0, 1.0
];

cuboid = cuboid';
